0.245 3.708
0.246 3.671
0.247 3.634
0.248 3.597
0.249 3.560
0.250 3.524
0.251 3.487
0.252 3.450
0.253 3.413
0.254 3.376
0.255 3.339
0.256 3.308
0.257 3.276
0.258 3.245
0.259 3.213
0.260 3.182
0.261 3.150
0.262 3.118
0.263 3.087
0.264 3.055
0.265 3.024
0.266 2.997
0.267 2.970
0.268 2.943
0.269 2.915
0.270 2.888
0.271 2.861
0.272 2.834
0.273 2.807
0.274 2.780
0.275 2.753
0.276 2.732
0.277 2.711
0.278 2.690
0.279 2.669
0.280 2.648
0.281 2.627
0.282 2.606
0.283 2.585
0.284 2.564
0.285 2.543
0.286 2.530
0.287 2.517
0.288 2.504
0.289 2.491
0.290 2.477
0.291 2.464
0.292 2.451
0.293 2.438
0.294 2.425
0.295 2.412
0.296 2.401
0.297 2.391
0.298 2.381
0.299 2.371
0.300 2.361
0.301 2.351
0.302 2.341
0.303 2.330
0.304 2.320
0.305 2.310
0.306 2.302
0.307 2.293
0.308 2.285
0.309 2.276
0.310 2.268
0.311 2.260
0.312 2.251
0.313 2.243
0.314 2.234
0.315 2.226
0.316 2.218
0.317 2.209
0.318 2.201
0.319 2.193
0.320 2.184
0.321 2.176
0.322 2.168
0.323 2.160
0.324 2.151
0.325 2.143
0.326 2.136
0.327 2.128
0.328 2.120
0.329 2.113
0.330 2.105
0.331 2.098
0.332 2.090
0.333 2.083
0.334 2.075
0.335 2.067
0.336 2.059
0.337 2.050
0.338 2.041
0.339 2.032
0.340 2.023
0.341 2.014
0.342 2.005
0.343 1.996
0.344 1.987
0.345 1.979
0.346 1.972
0.347 1.965
0.348 1.958
0.349 1.951
0.350 1.945
0.351 1.938
0.352 1.931
0.353 1.924
0.354 1.918
0.355 1.911
0.356 1.903
0.357 1.896
0.358 1.888
0.359 1.880
0.360 1.873
0.361 1.865
0.362 1.857
0.363 1.850
0.364 1.842
0.365 1.834
0.366 1.827
0.367 1.821
0.368 1.814
0.369 1.807
0.370 1.800
0.371 1.793
0.372 1.786
0.373 1.780
0.374 1.773
0.375 1.766
0.376 1.760
0.377 1.755
0.378 1.749
0.379 1.743
0.380 1.738
0.381 1.732
0.382 1.726
0.383 1.721
0.384 1.715
0.385 1.709
0.386 1.703
0.387 1.696
0.388 1.690
0.389 1.683
0.390 1.677
0.391 1.670
0.392 1.664
0.393 1.657
0.394 1.651
0.395 1.644
0.396 1.639
0.397 1.634
0.398 1.629
0.399 1.624
0.400 1.619
0.401 1.613
0.402 1.608
0.403 1.603
0.404 1.598
0.405 1.593
0.406 1.588
0.407 1.582
0.408 1.577
0.409 1.572
0.410 1.567
0.411 1.561
0.412 1.556
0.413 1.551
0.414 1.546
0.415 1.540
0.416 1.535
0.417 1.530
0.418 1.525
0.419 1.520
0.420 1.515
0.421 1.510
0.422 1.505
0.423 1.500
0.424 1.495
0.425 1.489
0.426 1.484
0.427 1.479
0.428 1.474
0.429 1.468
0.430 1.463
0.431 1.458
0.432 1.453
0.433 1.448
0.434 1.442
0.435 1.437
0.436 1.434
0.437 1.430
0.438 1.427
0.439 1.424
0.440 1.420
0.441 1.417
0.442 1.413
0.443 1.410
0.444 1.407
0.445 1.403
0.447 1.394
0.449 1.385
0.451 1.375
0.453 1.366
0.454 1.357
0.456 1.347
0.458 1.338
0.460 1.328
0.462 1.319
0.464 1.310
0.466 1.302
0.468 1.294
0.470 1.286
0.472 1.278
0.474 1.270
0.475 1.263
0.477 1.255
0.479 1.247
0.481 1.239
0.483 1.231
0.485 1.223
0.487 1.215
0.489 1.207
0.491 1.200
0.493 1.192
0.494 1.184
0.496 1.176
0.498 1.168
0.500 1.160
0.502 1.152
0.504 1.143
0.506 1.134
0.508 1.125
0.510 1.116
0.511 1.108
0.513 1.099
0.515 1.090
0.517 1.081
0.519 1.072
0.521 1.063
0.523 1.055
0.525 1.047
0.527 1.040
0.529 1.032
0.531 1.024
0.532 1.016
0.534 1.009
0.536 1.001
0.538 0.993
0.540 0.986
0.542 0.977
0.544 0.968
0.546 0.960
0.548 0.951
0.550 0.943
0.551 0.934
0.553 0.926
0.555 0.917
0.557 0.909
0.559 0.900
0.561 0.892
0.563 0.884
0.565 0.875
0.567 0.867
0.568 0.859
0.570 0.851
0.572 0.842
0.574 0.834
0.576 0.826
0.578 0.818
0.580 0.810
0.582 0.802
0.584 0.794
0.586 0.786
0.587 0.778
0.589 0.770
0.591 0.762
0.593 0.754
0.595 0.746
0.597 0.738
0.599 0.730
0.601 0.722
0.603 0.715
0.605 0.707
0.606 0.699
0.608 0.691
0.610 0.683
0.612 0.676
0.614 0.668
0.616 0.660
0.618 0.652
0.620 0.645
0.622 0.637
0.624 0.629
0.625 0.622
0.627 0.614
0.629 0.607
0.631 0.599
0.633 0.591
0.635 0.584
0.636 0.581
0.637 0.578
0.638 0.574
0.639 0.571
0.640 0.568
0.641 0.565
0.642 0.562
0.643 0.559
0.644 0.556
0.645 0.552
0.646 0.549
0.647 0.546
0.648 0.543
0.649 0.540
0.650 0.537
0.651 0.534
0.652 0.531
0.653 0.528
0.654 0.525
0.655 0.522
0.656 0.519
0.657 0.516
0.658 0.513
0.659 0.511
0.660 0.508
0.661 0.505
0.662 0.502
0.663 0.499
0.664 0.496
0.665 0.493
0.666 0.490
0.667 0.488
0.668 0.485
0.669 0.482
0.670 0.479
0.671 0.476
0.672 0.474
0.673 0.471
0.674 0.468
0.675 0.465
0.676 0.462
0.677 0.460
0.678 0.457
0.679 0.454
0.680 0.452
0.681 0.449
0.682 0.446
0.683 0.444
0.684 0.441
0.685 0.438
0.686 0.436
0.687 0.433
0.688 0.431
0.689 0.428
0.690 0.426
0.691 0.423
0.692 0.420
0.693 0.418
0.694 0.415
0.695 0.413
0.696 0.410
0.697 0.408
0.698 0.405
0.699 0.403
0.700 0.400
0.701 0.398
0.702 0.396
0.703 0.393
0.704 0.391
0.705 0.388
0.706 0.386
0.707 0.384
0.708 0.381
0.709 0.379
0.710 0.377
0.711 0.374
0.712 0.372
0.713 0.370
0.714 0.367
0.715 0.365
0.716 0.363
0.717 0.360
0.718 0.358
0.719 0.356
0.720 0.354
0.721 0.352
0.722 0.349
0.723 0.347
0.724 0.345
0.725 0.343
0.726 0.341
0.727 0.338
0.728 0.336
0.729 0.334
0.730 0.332
0.731 0.330
0.732 0.328
0.733 0.326
0.734 0.324
0.735 0.321
0.736 0.319
0.737 0.317
0.738 0.315
0.739 0.313
0.740 0.311
0.741 0.309
0.742 0.307
0.743 0.305
0.744 0.303
0.745 0.301
0.746 0.300
0.747 0.300
0.748 0.300
0.749 0.300
0.750 0.300
0.751 0.300
0.752 0.300
0.753 0.300
0.754 0.300
0.755 0.300
0.756 0.300
0.757 0.300
0.758 0.300
0.759 0.300
0.760 0.300
0.761 0.300
0.762 0.300
0.763 0.300
0.764 0.300
0.765 0.300
0.766 0.300
0.767 0.300
0.768 0.300
0.769 0.300
0.770 0.300
0.771 0.300
0.772 0.300
0.773 0.300
0.774 0.300
0.775 0.300
0.776 0.300
0.777 0.300
0.778 0.300
0.779 0.300
0.780 0.300
0.781 0.300
0.782 0.300
0.783 0.300
0.784 0.300
0.785 0.300
0.786 0.300
0.787 0.300
0.788 0.300
0.789 0.300
0.790 0.300
0.791 0.300
0.792 0.300
0.793 0.300
0.794 0.300
0.795 0.300
0.796 0.300
0.797 0.300
0.798 0.300
0.799 0.300
0.800 0.300
0.801 0.300
0.802 0.300
0.803 0.300
0.804 0.300
0.805 0.300
0.806 0.300
0.807 0.300
0.808 0.300
0.809 0.300
0.810 0.300
0.811 0.300
0.812 0.300
0.813 0.300
0.814 0.300
0.815 0.300
0.816 0.300
0.817 0.300
0.818 0.300
0.819 0.300
0.820 0.300
0.821 0.300
0.822 0.300
0.823 0.300
0.824 0.300
0.825 0.300
0.826 0.300
0.827 0.300
0.828 0.300
0.829 0.300
0.830 0.300
0.831 0.300
0.832 0.300
0.833 0.300
0.834 0.300
0.835 0.300
0.836 0.300
0.837 0.300
0.838 0.300
0.839 0.300
0.840 0.300
0.841 0.300
0.842 0.300
0.843 0.300
0.844 0.300
0.845 0.300
0.846 0.300
0.847 0.300
0.848 0.300
0.849 0.300
0.850 0.300
0.851 0.300
0.852 0.300
0.853 0.300
0.854 0.300
0.855 0.300
0.856 0.300
0.857 0.300
0.858 0.300
0.859 0.300
0.860 0.300
0.861 0.300
0.862 0.300
0.863 0.300
0.864 0.300
0.865 0.300
0.866 0.300
0.867 0.300
0.868 0.300
0.869 0.300
0.870 0.300
0.871 0.300
0.872 0.300
0.873 0.300
0.874 0.300
0.875 0.300
0.876 0.300
0.877 0.300
0.878 0.300
0.879 0.300
0.880 0.300
0.881 0.300
0.882 0.300
0.883 0.300
0.884 0.300
0.885 0.300
0.886 0.300
0.887 0.300
0.888 0.300
0.889 0.300
0.890 0.300
0.891 0.300
0.892 0.300
0.893 0.300
0.894 0.300
0.895 0.300
0.896 0.300
0.897 0.300
0.898 0.300
0.899 0.300
0.900 0.300
0.901 0.300
0.902 0.300
0.903 0.300
0.904 0.300
0.905 0.300
0.906 0.300
0.907 0.300
0.908 0.300
0.909 0.300
0.910 0.300
0.911 0.300
0.912 0.300
0.913 0.300
0.914 0.300
0.915 0.300
0.916 0.300
0.917 0.300
0.918 0.300
0.919 0.300
0.920 0.300
0.921 0.300
0.922 0.300
0.923 0.300
0.924 0.300
0.925 0.300
0.926 0.300
0.927 0.300
0.928 0.300
0.929 0.300
0.930 0.300
0.931 0.300
0.932 0.300
0.933 0.300
0.934 0.300
0.935 0.300
0.936 0.300
0.937 0.300
0.938 0.300
0.939 0.300
0.940 0.300
0.941 0.300
0.942 0.300
0.943 0.300
0.944 0.300
0.945 0.300
0.946 0.300
0.947 0.300
0.948 0.300
0.949 0.300
0.950 0.300
0.951 0.300
0.952 0.300
0.953 0.300
0.954 0.300
0.955 0.300
0.956 0.300
0.957 0.300
0.958 0.300
0.959 0.300
0.960 0.300
0.961 0.300
0.962 0.300
0.963 0.300
0.964 0.300
0.965 0.300
0.966 0.300
0.967 0.300
0.968 0.300
0.969 0.300
0.970 0.300
0.971 0.300
0.972 0.300
0.973 0.300
0.974 0.300
0.975 0.300
0.976 0.300
0.977 0.300
0.978 0.300
0.979 0.300
0.980 0.300
0.981 0.300
0.982 0.300
0.983 0.300
0.984 0.300
0.985 0.300
0.986 0.300
0.987 0.300
0.988 0.300
0.989 0.300
0.990 0.300
0.991 0.300
0.992 0.300
0.993 0.300
0.994 0.300
0.995 0.300
0.996 0.300
0.997 0.300
0.998 0.300
0.999 0.300
1.000 0.300
1.001 0.300
1.002 0.300
1.003 0.300
1.004 0.300
1.005 0.300
1.006 0.300
1.007 0.300
1.008 0.300
1.009 0.300
1.010 0.300
1.011 0.300
1.012 0.300
1.013 0.300
1.014 0.300
1.015 0.300
1.016 0.300
1.017 0.300
1.018 0.300
1.019 0.300
1.020 0.300
1.021 0.300
1.022 0.300
1.023 0.300
1.024 0.300
1.025 0.300
1.026 0.300
1.027 0.300
1.028 0.300
1.029 0.300
1.030 0.300
1.031 0.300
1.032 0.300
1.033 0.300
1.034 0.300
1.035 0.300
1.036 0.300
1.037 0.300
1.038 0.300
1.039 0.300
1.040 0.300
1.041 0.300
1.042 0.300
1.043 0.300
1.044 0.300
1.045 0.300
1.046 0.300
1.047 0.300
1.048 0.300
1.049 0.300
1.050 0.300
1.051 0.300
1.052 0.300
1.053 0.300
1.054 0.300
1.055 0.300
1.056 0.300
1.057 0.300
1.058 0.300
1.059 0.300
1.060 0.300
1.061 0.300
1.062 0.300
1.063 0.300
1.064 0.300
1.065 0.300
1.066 0.300
1.067 0.300
1.068 0.300
1.069 0.300
1.070 0.300
1.071 0.300
1.072 0.300
1.073 0.300
1.074 0.300
1.075 0.300
1.076 0.300
1.077 0.300
1.078 0.300
1.079 0.300
1.080 0.300
1.081 0.300
1.082 0.300
1.083 0.300
1.084 0.300
1.085 0.300
1.086 0.300
1.087 0.300
1.088 0.300
1.089 0.300
1.090 0.300
1.091 0.300
1.092 0.300
1.093 0.300
1.094 0.300
1.095 0.300
1.096 0.300
1.097 0.300
1.098 0.300
1.099 0.300
1.100 0.300
1.101 0.300
1.102 0.300
1.103 0.300
1.104 0.300
1.105 0.300
1.106 0.300
1.107 0.300
1.108 0.300
1.109 0.300
1.110 0.300
1.111 0.300
1.112 0.300
1.113 0.300
1.114 0.300
1.115 0.300
1.116 0.300
1.117 0.300
1.118 0.300
1.119 0.300
1.120 0.300
1.121 0.300
1.122 0.300
1.123 0.300
1.124 0.300
1.125 0.300
1.126 0.300
1.127 0.300
1.128 0.300
1.129 0.300
1.130 0.300
1.131 0.300
1.132 0.300
1.133 0.300
1.134 0.300
1.135 0.300
1.136 0.300
1.137 0.300
1.138 0.300
1.139 0.300
1.140 0.300
1.141 0.300
1.142 0.300
1.143 0.300
1.144 0.300
1.145 0.300
1.146 0.300
1.147 0.300
1.148 0.300
1.149 0.300
1.150 0.300
1.151 0.300
1.152 0.300
1.153 0.300
1.154 0.300
1.155 0.300
1.156 0.300
1.157 0.300
1.158 0.300
1.159 0.300
1.160 0.300
1.161 0.300
1.162 0.300
1.163 0.300
1.164 0.300
1.165 0.300
1.166 0.300
1.167 0.300
1.168 0.300
1.169 0.300
1.170 0.300
1.171 0.300
1.172 0.300
1.173 0.300
1.174 0.300
1.175 0.300
1.176 0.300
1.177 0.300
1.178 0.300
1.179 0.300
1.180 0.300
1.181 0.300
1.182 0.300
1.183 0.300
1.184 0.300
1.185 0.300
1.186 0.300
1.187 0.300
1.188 0.300
1.189 0.300
1.190 0.300
1.191 0.300
1.192 0.300
1.193 0.300
1.194 0.300
1.195 0.300
1.196 0.300
1.197 0.300
1.198 0.300
1.199 0.300
1.200 0.300
1.201 0.300
1.202 0.300
1.203 0.300
1.204 0.300
1.205 0.300
1.206 0.300
1.207 0.300
1.208 0.300
1.209 0.300
1.210 0.300
1.211 0.300
1.212 0.300
1.213 0.300
1.214 0.300
1.215 0.300
1.216 0.300
1.217 0.300
1.218 0.300
1.219 0.300
1.220 0.300
1.221 0.300
1.222 0.300
1.223 0.300
1.224 0.300
1.225 0.300
1.226 0.300
1.227 0.300
1.228 0.300
1.229 0.300
1.230 0.300
1.231 0.300
1.232 0.300
1.233 0.300
1.234 0.300
1.235 0.300
1.236 0.300
1.237 0.300
1.238 0.300
1.239 0.300
1.240 0.300
1.241 0.300
1.242 0.300
1.243 0.300
1.244 0.300
1.245 0.300
1.246 0.300
1.247 0.300
1.248 0.300
1.249 0.300
1.250 0.300
1.251 0.300
1.252 0.300
1.253 0.300
1.254 0.300
1.255 0.300
1.256 0.300
1.257 0.300
1.258 0.300
1.259 0.300
1.260 0.300
1.261 0.300
1.262 0.300
1.263 0.300
1.264 0.300
1.265 0.300
1.266 0.300
1.267 0.300
1.268 0.300
1.269 0.300
1.270 0.300
1.271 0.300
1.272 0.300
1.273 0.300
1.274 0.300
1.275 0.300
1.276 0.300
1.277 0.300
1.278 0.300
1.279 0.300
1.280 0.300
1.281 0.300
1.282 0.300
1.283 0.300
1.284 0.300
1.285 0.300
1.286 0.300
1.287 0.300
1.288 0.300
1.289 0.300
1.290 0.300
1.291 0.300
1.292 0.300
1.293 0.300
1.294 0.300
1.295 0.300
1.296 0.300
1.297 0.300
1.298 0.300
1.299 0.300
1.300 0.300
1.301 0.300
1.302 0.300
1.303 0.300
1.304 0.300
1.305 0.300
1.306 0.300
1.307 0.300
1.308 0.300
1.309 0.300
1.310 0.300
1.311 0.300
1.312 0.300
1.313 0.300
1.314 0.300
1.315 0.300
1.316 0.300
1.317 0.300
1.318 0.300
1.319 0.300
1.320 0.300
1.321 0.300
1.322 0.300
1.323 0.300
1.324 0.300
1.325 0.300
1.326 0.300
1.327 0.300
1.328 0.300
1.329 0.300
1.330 0.300
1.331 0.300
1.332 0.300
1.333 0.300
1.334 0.300
1.335 0.300
1.336 0.300
1.337 0.300
1.338 0.300
1.339 0.300
1.340 0.300
1.341 0.300
1.342 0.300
1.343 0.300
1.344 0.300
1.345 0.300
1.346 0.300
1.347 0.300
1.348 0.300
1.349 0.300
1.350 0.300
1.351 0.300
1.352 0.300
1.353 0.300
1.354 0.300
1.355 0.300
1.356 0.300
1.357 0.300
1.358 0.300
1.359 0.300
1.360 0.300
1.361 0.300
1.362 0.300
1.363 0.300
1.364 0.300
1.365 0.300
1.366 0.300
1.367 0.300
1.368 0.300
1.369 0.300
1.370 0.300
1.371 0.300
1.372 0.300
1.373 0.300
1.374 0.300
1.375 0.300
1.376 0.300
1.377 0.300
1.378 0.300
1.379 0.300
1.380 0.300
1.381 0.300
1.382 0.300
1.383 0.300
1.384 0.300
1.385 0.300
1.386 0.300
1.387 0.300
1.388 0.300
1.389 0.300
1.390 0.300
1.391 0.300
1.392 0.300
1.393 0.300
1.394 0.300
1.395 0.300
1.396 0.300
1.397 0.300
1.398 0.300
1.399 0.300
1.400 0.300
1.401 0.300
1.402 0.300
1.403 0.300
1.404 0.300
1.405 0.300
1.406 0.300
1.407 0.300
1.408 0.300
1.409 0.300
1.410 0.300
1.411 0.300
1.412 0.300
1.413 0.300
1.414 0.300
1.415 0.300
1.416 0.300
1.417 0.300
1.418 0.300
1.419 0.300
1.420 0.300
1.421 0.300
1.422 0.300
1.423 0.300
1.424 0.300
1.425 0.300
1.426 0.300
1.427 0.300
1.428 0.300
1.429 0.300
1.430 0.300
1.431 0.300
1.432 0.300
1.433 0.300
1.434 0.300
1.435 0.300
1.436 0.300
1.437 0.300
1.438 0.300
1.439 0.300
1.440 0.300
1.441 0.300
1.442 0.300
1.443 0.300
1.444 0.300
1.445 0.300
1.446 0.300
1.447 0.300
1.448 0.300
1.449 0.300
1.450 0.300
1.451 0.300
1.452 0.300
1.453 0.300
1.454 0.300
1.455 0.300
1.456 0.300
1.457 0.300
1.458 0.300
1.459 0.300
1.460 0.300
1.461 0.300
1.462 0.300
1.463 0.300
1.464 0.300
1.465 0.300
1.466 0.300
1.467 0.300
1.468 0.300
1.469 0.300
1.470 0.300
1.471 0.300
1.472 0.300
1.473 0.300
1.474 0.300
1.475 0.300
1.476 0.300
1.477 0.300
1.478 0.300
1.479 0.300
1.480 0.300
1.481 0.300
1.482 0.300
1.483 0.300
1.484 0.300
1.485 0.300
1.486 0.300
1.487 0.300
1.488 0.300
1.489 0.300
1.490 0.300
1.491 0.300
1.492 0.300
1.493 0.300
1.494 0.300
1.495 0.300
1.496 0.300
1.497 0.300
1.498 0.300
1.499 0.300
1.500 0.300
1.501 0.300
1.502 0.300
1.503 0.300
1.504 0.300
1.505 0.300
1.506 0.300
1.507 0.300
1.508 0.300
1.509 0.300
1.510 0.300
1.511 0.300
1.512 0.300
1.513 0.300
1.514 0.300
1.515 0.300
1.516 0.300
1.517 0.300
1.518 0.300
1.519 0.300
1.520 0.300
1.521 0.300
1.522 0.300
1.523 0.300
1.524 0.300
1.525 0.300
1.526 0.300
1.527 0.300
1.528 0.300
1.529 0.300
1.530 0.300
1.531 0.300
1.532 0.300
1.533 0.300
1.534 0.300
1.535 0.300
1.536 0.300
1.537 0.300
1.538 0.300
1.539 0.300
1.540 0.300
1.541 0.300
1.542 0.300
1.543 0.300
1.544 0.300
1.545 0.300
1.546 0.300
1.547 0.300
1.548 0.300
1.549 0.300
1.550 0.300
1.551 0.300
1.552 0.300
1.553 0.300
1.554 0.300
1.555 0.300
1.556 0.300
1.557 0.300
1.558 0.300
1.559 0.300
1.560 0.300
1.561 0.300
1.562 0.300
1.563 0.300
1.564 0.300
1.565 0.300
1.566 0.300
1.567 0.300
1.568 0.300
1.569 0.300
1.570 0.300
1.571 0.300
1.572 0.300
1.573 0.300
1.574 0.300
1.575 0.300
1.576 0.300
1.577 0.300
1.578 0.300
1.579 0.300
1.580 0.300
1.581 0.300
1.582 0.300
1.583 0.300
1.584 0.300
1.585 0.300
1.586 0.300
1.587 0.300
1.588 0.300
1.589 0.300
1.590 0.300
1.591 0.300
1.592 0.300
1.593 0.300
1.594 0.300
1.595 0.300
1.596 0.300
1.597 0.300
1.598 0.300
1.599 0.300
1.600 0.300
1.601 0.300
1.602 0.300
1.603 0.300
1.604 0.300
1.605 0.300
1.606 0.300
1.607 0.300
1.608 0.300
1.609 0.300
1.610 0.300
1.611 0.300
1.612 0.300
1.613 0.300
1.614 0.300
1.615 0.300
1.616 0.300
1.617 0.300
1.618 0.300
1.619 0.300
1.620 0.300
1.621 0.300
1.622 0.300
1.623 0.300
1.624 0.300
1.625 0.300
1.626 0.300
1.627 0.300
1.628 0.300
1.629 0.300
1.630 0.300
1.631 0.300
1.632 0.300
1.633 0.300
1.634 0.300
1.635 0.300
1.636 0.300
1.637 0.300
1.638 0.300
1.639 0.300
1.640 0.300
1.641 0.300
1.642 0.300
1.643 0.300
1.644 0.300
1.645 0.300
1.646 0.300
1.647 0.300
1.648 0.300
1.649 0.300
1.650 0.300
1.651 0.300
1.652 0.300
1.653 0.300
1.654 0.300
1.655 0.300
1.656 0.300
1.657 0.300
1.658 0.300
1.659 0.300
1.660 0.300
1.661 0.300
1.662 0.300
1.663 0.300
1.664 0.300
1.665 0.300
1.666 0.300
1.667 0.300
1.668 0.300
1.669 0.300
1.670 0.300
1.671 0.300
1.672 0.300
1.673 0.300
1.674 0.300
1.675 0.300
1.676 0.300
1.677 0.300
1.678 0.300
1.679 0.300
1.680 0.300
1.681 0.300
1.682 0.300
1.683 0.300
1.684 0.300
1.685 0.300
1.686 0.300
1.687 0.300
1.688 0.300
1.689 0.300
1.690 0.300
1.691 0.300
1.692 0.300
1.693 0.300
1.694 0.300
1.695 0.300
1.696 0.300
1.697 0.300
1.698 0.300
1.699 0.300
1.700 0.300
1.701 0.300
1.702 0.301
1.703 0.302
1.704 0.303
1.705 0.304
1.706 0.304
1.707 0.305
1.708 0.306
1.709 0.307
1.710 0.307
1.711 0.308
1.712 0.309
1.713 0.310
1.714 0.311
1.715 0.311
1.716 0.312
1.717 0.313
1.718 0.314
1.719 0.315
1.720 0.315
1.721 0.316
1.722 0.317
1.723 0.318
1.724 0.318
1.725 0.319
1.726 0.320
1.727 0.321
1.728 0.322
1.729 0.322
1.730 0.323
1.731 0.324
1.732 0.325
1.733 0.326
1.734 0.326
1.735 0.327
1.736 0.328
1.737 0.329
1.738 0.329
1.739 0.330
1.740 0.331
1.741 0.332
1.742 0.333
1.743 0.333
1.744 0.334
1.745 0.335
1.746 0.336
1.747 0.337
1.748 0.337
1.749 0.338
1.750 0.339
1.751 0.340
1.752 0.340
1.753 0.341
1.754 0.342
1.755 0.343
1.756 0.344
1.757 0.344
1.758 0.345
1.759 0.346
1.760 0.347
1.761 0.347
1.762 0.348
1.763 0.349
1.764 0.350
1.765 0.351
1.766 0.351
1.767 0.352
1.768 0.353
1.769 0.354
1.770 0.354
1.771 0.355
1.772 0.356
1.773 0.357
1.774 0.358
1.775 0.358
1.776 0.359
1.777 0.360
1.778 0.361
1.779 0.361
1.780 0.362
1.781 0.363
1.782 0.364
1.783 0.365
1.784 0.365
1.785 0.366
1.786 0.367
1.787 0.368
1.788 0.368
1.789 0.369
1.790 0.370
1.791 0.371
1.792 0.371
1.793 0.372
1.794 0.373
1.795 0.374
1.796 0.375
1.797 0.375
1.798 0.376
1.799 0.377
1.800 0.378
1.801 0.378
1.802 0.379
1.803 0.380
1.804 0.381
1.805 0.381
1.806 0.382
1.807 0.383
1.808 0.384
1.809 0.384
1.810 0.385
1.811 0.386
1.812 0.387
1.813 0.388
1.814 0.388
1.815 0.389
1.816 0.390
1.817 0.391
1.818 0.391
1.819 0.392
1.820 0.393
1.821 0.394
1.822 0.394
1.823 0.395
1.824 0.396
1.825 0.397
1.826 0.397
1.827 0.398
1.828 0.399
1.829 0.400
1.830 0.400
1.831 0.401
1.832 0.402
1.833 0.403
1.834 0.403
1.835 0.404
1.836 0.405
1.837 0.406
1.838 0.406
1.839 0.407
1.840 0.408
1.841 0.408
1.842 0.409
1.843 0.410
1.844 0.411
1.845 0.411
1.846 0.412
1.847 0.413
1.848 0.414
1.849 0.414
1.850 0.415
1.851 0.416
1.852 0.417
1.853 0.417
1.854 0.418
1.855 0.419
1.856 0.420
1.857 0.420
1.858 0.421
1.859 0.422
1.860 0.422
1.861 0.423
1.862 0.424
1.863 0.425
1.864 0.425
1.865 0.426
1.866 0.427
1.867 0.427
1.868 0.428
1.869 0.429
1.870 0.430
1.871 0.430
1.872 0.431
1.873 0.432
1.874 0.433
1.875 0.433
1.876 0.434
1.877 0.435
1.878 0.435
1.879 0.436
1.880 0.437
1.881 0.438
1.882 0.438
1.883 0.439
1.884 0.440
1.885 0.440
1.886 0.441
1.887 0.442
1.888 0.443
1.889 0.443
1.890 0.444
1.891 0.445
1.892 0.445
1.893 0.446
1.894 0.447
1.895 0.447
1.896 0.448
1.897 0.449
1.898 0.450
1.899 0.450
1.900 0.451
1.901 0.452
1.902 0.452
1.903 0.453
1.904 0.454
1.905 0.454
1.906 0.455
1.907 0.456
1.908 0.457
1.909 0.457
1.910 0.458
1.911 0.459
1.912 0.459
1.913 0.460
1.914 0.461
1.915 0.461
1.916 0.462
1.917 0.463
1.918 0.463
1.919 0.464
1.920 0.465
1.921 0.465
1.922 0.466
1.923 0.467
1.924 0.468
1.925 0.468
1.926 0.469
1.927 0.470
1.928 0.470
1.929 0.471
1.930 0.472
1.931 0.472
1.932 0.473
1.933 0.474
1.934 0.474
1.935 0.475
1.936 0.476
1.937 0.476
1.938 0.477
1.939 0.478
1.940 0.478
1.941 0.479
1.942 0.480
1.943 0.480
1.944 0.481
1.945 0.482
1.946 0.482
1.947 0.483
1.948 0.484
1.949 0.484
1.950 0.485
1.951 0.486
1.952 0.486
1.953 0.487
1.954 0.488
1.955 0.488
1.956 0.489
1.958 0.490
1.959 0.491
1.961 0.492
1.962 0.493
1.963 0.494
1.965 0.495
1.966 0.496
1.968 0.497
1.969 0.498
1.971 0.499
1.973 0.500
1.974 0.501
1.976 0.502
1.978 0.503
1.980 0.504
1.982 0.506
1.983 0.507
1.985 0.508
1.987 0.509
1.989 0.510
1.991 0.512
1.994 0.513
1.996 0.514
1.998 0.516
2.000 0.517
2.002 0.519
2.005 0.520
2.007 0.521
2.009 0.523
2.012 0.524
2.014 0.526
2.017 0.527
2.019 0.529
2.022 0.531
2.025 0.532
2.027 0.534
2.030 0.535
2.032 0.537
2.035 0.538
2.038 0.540
2.041 0.542
2.044 0.544
2.047 0.546
2.050 0.547
2.053 0.549
2.056 0.551
2.059 0.553
2.062 0.555
2.065 0.556
2.068 0.558
2.072 0.560
2.075 0.562
2.079 0.564
2.082 0.567
2.085 0.569
2.089 0.571
2.092 0.573
2.096 0.575
2.099 0.577
2.103 0.579
2.107 0.581
2.110 0.583
2.114 0.586
2.118 0.588
2.122 0.590
2.126 0.592
2.129 0.594
2.133 0.597
2.137 0.599
2.141 0.601
2.145 0.604
2.150 0.606
2.154 0.609
2.158 0.611
2.162 0.614
2.166 0.616
2.171 0.618
2.175 0.621
2.179 0.623
2.184 0.626
2.188 0.629
2.193 0.631
2.197 0.634
2.202 0.637
2.207 0.639
2.211 0.642
2.216 0.645
2.220 0.647
2.225 0.650
2.230 0.653
2.235 0.656
2.240 0.658
2.245 0.661
2.250 0.664
2.255 0.667
2.260 0.670
2.265 0.673
2.270 0.676
2.275 0.678
2.280 0.681
2.285 0.684
2.290 0.687
2.295 0.690
2.300 0.692
2.305 0.695
2.310 0.698
2.315 0.701
2.320 0.704
2.325 0.706
2.330 0.709
2.335 0.712
2.340 0.715
2.345 0.717
2.350 0.720
2.355 0.723
2.360 0.725
2.365 0.728
2.370 0.731
2.375 0.734
2.380 0.736
2.385 0.739
2.390 0.742
2.395 0.744
2.400 0.747
2.405 0.750
2.410 0.752
2.415 0.755
2.420 0.758
2.425 0.760
2.430 0.763
2.435 0.766
2.440 0.768
2.445 0.771
2.450 0.773
2.455 0.776
2.460 0.779
2.465 0.781
2.470 0.784
2.475 0.786
2.480 0.789
2.485 0.791
2.490 0.794
2.495 0.796
2.500 0.799
2.505 0.802
2.510 0.804
2.515 0.807
2.520 0.809
2.525 0.812
2.530 0.814
2.535 0.816
2.540 0.819
2.545 0.821
2.550 0.824
2.555 0.826
2.560 0.829
2.565 0.831
2.570 0.833
2.575 0.836
2.580 0.838
2.585 0.841
2.590 0.843
2.595 0.845
2.600 0.848
2.605 0.850
2.610 0.852
2.615 0.854
2.620 0.857
2.625 0.859
2.630 0.861
2.635 0.864
2.640 0.866
2.645 0.868
2.650 0.870
2.655 0.872
2.660 0.875
2.665 0.877
2.670 0.879
2.675 0.881
2.680 0.883
2.685 0.885
2.690 0.888
2.695 0.890
2.700 0.892
2.705 0.894
2.710 0.896
2.715 0.898
2.720 0.900
2.725 0.902
2.730 0.904
2.735 0.906
2.740 0.908
2.745 0.910
2.750 0.912
2.755 0.914
2.760 0.916
2.765 0.918
2.770 0.920
2.775 0.922
2.780 0.924
2.785 0.926
2.790 0.928
2.795 0.929
2.800 0.931
2.805 0.933
2.810 0.935
2.815 0.937
2.820 0.939
2.825 0.941
2.830 0.942
2.835 0.944
2.840 0.946
2.845 0.948
2.850 0.949
2.855 0.951
2.860 0.953
2.865 0.954
2.870 0.956
2.875 0.958
2.880 0.960
2.885 0.961
2.890 0.963
2.895 0.964
2.900 0.966
2.905 0.968
2.910 0.969
2.915 0.971
2.920 0.973
2.925 0.974
2.930 0.976
2.935 0.977
2.940 0.979
2.945 0.980
2.950 0.982
2.955 0.983
2.960 0.985
2.965 0.986
2.970 0.988
2.975 0.989
2.980 0.991
2.985 0.992
2.990 0.994
2.995 0.995
3.000 0.997
3.005 0.998
3.010 0.999
3.015 1.001
3.020 1.002
3.025 1.004
3.030 1.005
3.035 1.006
3.040 1.008
3.045 1.009
3.050 1.010
3.055 1.012
3.060 1.013
3.065 1.014
3.070 1.016
3.075 1.017
3.080 1.018
3.085 1.019
3.090 1.021
3.095 1.022
3.100 1.023
3.105 1.024
3.110 1.026
3.115 1.027
3.120 1.028
3.125 1.029
3.130 1.030
3.135 1.032
3.140 1.033
3.145 1.034
3.150 1.035
3.155 1.036
3.160 1.037
3.165 1.039
3.170 1.040
3.175 1.041
3.180 1.042
3.185 1.043
3.190 1.044
3.195 1.045
3.200 1.046
3.205 1.047
3.210 1.048
3.215 1.049
3.220 1.051
3.225 1.052
3.230 1.053
3.235 1.054
3.240 1.055
3.245 1.056
3.250 1.057
3.255 1.058
3.260 1.059
3.265 1.060
3.270 1.061
3.275 1.062
3.280 1.063
3.285 1.064
3.290 1.065
3.295 1.065
3.300 1.066
3.305 1.067
3.310 1.068
3.315 1.069
3.320 1.070
3.325 1.071
3.330 1.072
3.335 1.073
3.340 1.074
3.345 1.075
3.350 1.076
3.355 1.076
3.360 1.077
3.365 1.078
3.370 1.079
3.375 1.080
3.380 1.081
3.385 1.082
3.390 1.082
3.395 1.083
3.400 1.084
3.405 1.085
3.410 1.086
3.415 1.086
3.420 1.087
3.425 1.088
3.430 1.089
3.435 1.090
3.440 1.090
3.445 1.091
3.450 1.092
3.455 1.093
3.460 1.093
3.465 1.094
3.470 1.095
3.475 1.096
3.480 1.096
3.485 1.097
3.490 1.098
3.495 1.099
3.500 1.099
3.505 1.100
3.510 1.101
3.515 1.101
3.520 1.102
3.525 1.103
3.530 1.104
3.535 1.104
3.540 1.105
3.545 1.106
3.550 1.106
3.555 1.107
3.560 1.108
3.565 1.108
3.570 1.109
3.575 1.110
3.580 1.110
3.585 1.111
3.590 1.111
3.595 1.112
3.600 1.113
3.605 1.113
3.610 1.114
3.615 1.115
3.620 1.115
3.625 1.116
3.630 1.116
3.635 1.117
3.640 1.118
3.645 1.118
3.650 1.119
3.655 1.119
3.660 1.120
3.665 1.120
3.670 1.121
3.675 1.122
3.680 1.122
3.685 1.123
3.690 1.123
3.695 1.124
3.700 1.124
3.705 1.125
3.710 1.125
3.715 1.126
3.720 1.126
3.725 1.127
3.730 1.127
3.735 1.128
3.740 1.128
3.745 1.129
3.750 1.129
3.755 1.130
3.760 1.130
3.765 1.131
3.770 1.131
3.775 1.132
3.780 1.132
3.785 1.133
3.790 1.133
3.795 1.134
3.800 1.134
3.805 1.135
3.810 1.135
3.815 1.136
3.820 1.136
3.825 1.137
3.830 1.137
3.835 1.137
3.840 1.138
3.845 1.138
3.850 1.139
3.855 1.139
3.860 1.140
3.865 1.140
3.870 1.141
3.875 1.141
3.880 1.141
3.885 1.142
3.890 1.142
3.895 1.143
3.900 1.143
3.905 1.143
3.910 1.144
3.915 1.144
3.920 1.145
3.925 1.145
3.930 1.145
3.935 1.146
3.940 1.146
3.945 1.146
3.950 1.147
3.955 1.147
3.960 1.147
3.965 1.148
3.970 1.148
3.975 1.149
3.980 1.149
3.985 1.149
3.990 1.150
3.995 1.150
4.000 1.150
4.005 1.151
4.010 1.151
4.015 1.151
4.020 1.152
4.025 1.152
4.030 1.152
4.035 1.152
4.040 1.153
4.045 1.153
4.050 1.153
4.055 1.154
4.060 1.154
4.065 1.154
4.070 1.154
4.075 1.155
4.080 1.155
4.085 1.155
4.090 1.156
4.095 1.156
4.100 1.156
4.105 1.156
4.110 1.157
4.115 1.157
4.120 1.157
4.125 1.157
4.130 1.158
4.135 1.158
4.140 1.158
4.145 1.158
4.150 1.159
4.155 1.159
4.160 1.159
4.165 1.159
4.170 1.160
4.175 1.160
4.180 1.160
4.185 1.160
4.190 1.160
4.195 1.161
4.200 1.161
4.205 1.161
4.210 1.161
4.215 1.161
4.220 1.162
4.225 1.162
4.230 1.162
4.235 1.162
4.240 1.162
4.245 1.163
4.250 1.163
4.255 1.163
4.260 1.163
4.265 1.163
4.270 1.164
4.275 1.164
4.280 1.164
4.285 1.164
4.290 1.164
4.295 1.164
4.300 1.165
4.305 1.165
4.310 1.165
4.315 1.165
4.320 1.165
4.325 1.165
4.330 1.166
4.335 1.166
4.340 1.166
4.345 1.166
4.350 1.166
4.355 1.166
4.360 1.166
4.365 1.167
4.370 1.167
4.375 1.167
4.380 1.167
4.385 1.167
4.390 1.167
4.395 1.167
4.400 1.168
4.405 1.168
4.410 1.168
4.415 1.168
4.420 1.168
4.425 1.168
4.430 1.168
4.435 1.169
4.440 1.169
4.445 1.169
4.450 1.169
4.455 1.169
4.460 1.169
4.465 1.169
4.470 1.169
4.475 1.170
4.480 1.170
4.485 1.170
4.490 1.170
4.495 1.170
4.500 1.170
4.505 1.170
4.510 1.170
4.515 1.171
4.520 1.171
4.525 1.171
4.530 1.171
4.535 1.171
4.540 1.171
4.545 1.171
4.550 1.171
4.555 1.172
4.560 1.172
4.565 1.172
4.570 1.172
4.575 1.172
4.580 1.172
4.585 1.172
4.590 1.172
4.595 1.172
4.600 1.173
4.605 1.173
4.610 1.173
4.615 1.173
4.620 1.173
4.625 1.173
4.630 1.173
4.635 1.173
4.640 1.174
4.645 1.174
4.650 1.174
4.655 1.174
4.660 1.174
4.665 1.174
4.670 1.174
4.675 1.174
4.680 1.174
4.685 1.175
4.690 1.175
4.695 1.175
4.700 1.175
4.705 1.175
4.710 1.175
4.715 1.175
4.720 1.175
4.725 1.175
4.730 1.175
4.735 1.176
4.740 1.176
4.745 1.176
4.750 1.176
4.755 1.176
4.760 1.176
4.765 1.176
4.770 1.176
4.775 1.176
4.780 1.176
4.785 1.177
4.790 1.177
4.795 1.177
4.800 1.177
4.805 1.177
4.810 1.177
4.815 1.177
4.820 1.177
4.825 1.177
4.830 1.177
4.835 1.177
4.840 1.178
4.845 1.178
4.850 1.178
4.855 1.178
4.860 1.178
4.865 1.178
4.870 1.178
4.875 1.178
4.880 1.178
4.885 1.178
4.890 1.178
4.895 1.179
4.900 1.179
4.905 1.179
4.910 1.179
4.915 1.179
4.920 1.179
4.925 1.179
4.930 1.179
4.935 1.179
4.940 1.179
4.945 1.179
4.950 1.179
4.955 1.180
4.960 1.180
4.965 1.180
4.970 1.180
4.975 1.180
4.980 1.180
4.985 1.180
4.990 1.180
4.995 1.180
5.000 1.180
5.005 1.180
5.010 1.180
5.015 1.180
5.020 1.181
5.025 1.181
5.030 1.181
5.035 1.181
5.040 1.181
5.045 1.181
5.050 1.181
5.055 1.181
5.060 1.181
5.065 1.181
5.070 1.181
5.075 1.181
5.080 1.181
5.085 1.181
5.090 1.182
5.095 1.182
5.100 1.182
5.105 1.182
5.110 1.182
5.115 1.182
5.120 1.182
5.125 1.182
5.130 1.182
5.135 1.182
5.140 1.182
5.145 1.182
5.150 1.182
5.155 1.182
5.160 1.182
5.165 1.183
5.170 1.183
5.175 1.183
5.180 1.183
5.185 1.183
5.190 1.183
5.195 1.183
5.200 1.183
5.205 1.183
5.210 1.183
5.215 1.183
5.220 1.183
5.225 1.183
5.230 1.183
5.235 1.183
5.240 1.183
5.245 1.184
5.250 1.184
5.255 1.184
5.260 1.184
5.265 1.184
5.270 1.184
5.275 1.184
5.280 1.184
5.285 1.184
5.290 1.184
5.295 1.184
5.300 1.184
5.305 1.184
5.310 1.184
5.315 1.184
5.320 1.184
5.325 1.184
5.330 1.184
5.335 1.185
5.340 1.185
5.345 1.185
5.350 1.185
5.355 1.185
5.360 1.185
5.365 1.185
5.370 1.185
5.375 1.185
5.380 1.185
5.385 1.185
5.390 1.185
5.395 1.185
5.400 1.185
5.405 1.185
5.410 1.185
5.415 1.185
5.420 1.185
5.425 1.185
5.430 1.186
5.435 1.186
5.440 1.186
5.445 1.186
5.450 1.186
5.455 1.186
5.460 1.186
5.465 1.186
5.470 1.186
5.475 1.186
5.480 1.186
5.485 1.186
5.490 1.186
5.495 1.186
5.500 1.186
5.505 1.186
5.510 1.186
5.515 1.186
5.520 1.186
5.525 1.186
5.530 1.186
5.535 1.186
5.540 1.187
5.545 1.187
5.550 1.187
5.555 1.187
5.560 1.187
5.565 1.187
5.570 1.187
5.575 1.187
5.580 1.187
5.585 1.187
5.590 1.187
5.595 1.187
5.600 1.187
5.605 1.187
5.610 1.187
5.615 1.187
5.620 1.187
5.625 1.187
5.630 1.187
5.635 1.187
5.640 1.187
5.645 1.187
5.650 1.187
5.655 1.187
5.660 1.187
5.665 1.188
5.670 1.188
5.675 1.188
5.680 1.188
5.685 1.188
5.690 1.188
5.695 1.188
5.700 1.188
5.705 1.188
5.710 1.188
5.715 1.188
5.720 1.188
5.725 1.188
5.730 1.188
5.735 1.188
5.740 1.188
5.745 1.188
5.750 1.188
5.755 1.188
5.760 1.188
5.765 1.188
5.770 1.188
5.775 1.188
5.780 1.188
5.785 1.188
5.790 1.188
5.795 1.188
5.800 1.188
5.805 1.188
5.810 1.189
5.815 1.189
5.820 1.189
5.825 1.189
5.830 1.189
5.835 1.189
5.840 1.189
5.845 1.189
5.850 1.189
5.855 1.189
5.860 1.189
5.865 1.189
5.870 1.189
5.875 1.189
5.880 1.189
5.885 1.189
5.890 1.189
5.895 1.189
5.900 1.189
5.905 1.189
5.910 1.189
5.915 1.189
5.920 1.189
5.925 1.189
5.930 1.189
5.935 1.189
5.940 1.189
5.945 1.189
5.950 1.189
5.955 1.189
5.960 1.189
5.965 1.189
5.970 1.189
5.975 1.190
5.980 1.190
5.985 1.190
5.990 1.190
5.995 1.190
6.000 1.190
6.005 1.190
6.010 1.190
6.015 1.190
6.020 1.190
6.025 1.190
6.030 1.190
6.035 1.190
6.040 1.190
6.045 1.190
6.050 1.190
6.055 1.190
6.060 1.190
6.065 1.190
6.070 1.190
6.075 1.190
6.080 1.190
6.085 1.190
6.090 1.190
6.095 1.190
6.100 1.190
6.105 1.190
6.110 1.190
6.115 1.190
6.120 1.190
6.125 1.190
6.130 1.190
6.135 1.190
6.140 1.190
6.145 1.190
6.150 1.190
6.155 1.190
6.160 1.190
6.165 1.190
6.170 1.190
6.175 1.191
6.180 1.191
6.185 1.191
6.190 1.191
6.195 1.191
6.200 1.191
6.205 1.191
6.210 1.191
6.215 1.191
6.220 1.191
6.225 1.191
6.230 1.191
6.235 1.191
6.240 1.191
6.245 1.191
6.250 1.191
6.255 1.191
6.260 1.191
6.265 1.191
6.270 1.191
6.275 1.191
6.280 1.191
6.285 1.191
6.290 1.191
6.295 1.191
6.300 1.191
6.305 1.191
6.310 1.191
6.315 1.191
6.320 1.191
6.325 1.191
6.330 1.191
6.335 1.191
6.340 1.191
6.345 1.191
6.350 1.191
6.355 1.191
6.360 1.191
6.365 1.191
6.370 1.191
6.375 1.191
6.380 1.191
6.385 1.191
6.390 1.191
6.395 1.191
6.400 1.191
6.405 1.191
6.410 1.191
6.415 1.191
6.420 1.191
6.425 1.192
6.430 1.192
6.435 1.192
6.440 1.192
6.445 1.192
6.450 1.192
6.455 1.192
6.460 1.192
6.465 1.192
6.470 1.192
6.475 1.192
6.480 1.192
6.485 1.192
6.490 1.192
6.495 1.192
6.500 1.192
6.505 1.192
6.510 1.192
6.515 1.192
6.520 1.192
6.525 1.192
6.530 1.192
6.535 1.192
6.540 1.192
6.545 1.192
6.550 1.192
6.555 1.192
6.560 1.192
6.565 1.192
6.570 1.192
6.575 1.192
6.580 1.192
6.585 1.192
6.590 1.192
6.595 1.192
6.600 1.192
6.605 1.192
6.610 1.192
6.615 1.192
6.620 1.192
6.625 1.192
6.630 1.192
6.635 1.192
6.640 1.192
6.645 1.192
6.650 1.192
6.655 1.192
6.660 1.192
6.665 1.192
6.670 1.192
6.675 1.192
6.680 1.192
6.685 1.192
6.690 1.192
6.695 1.192
6.700 1.192
6.705 1.192
6.710 1.192
6.715 1.192
6.720 1.192
6.725 1.192
6.730 1.192
6.735 1.192
6.740 1.192
6.745 1.192
6.750 1.192
6.755 1.193
6.760 1.193
6.765 1.193
6.770 1.193
6.775 1.193
6.780 1.193
6.785 1.193
6.790 1.193
6.795 1.193
6.800 1.193
6.805 1.193
6.810 1.193
6.815 1.193
6.820 1.193
6.825 1.193
6.830 1.193
6.835 1.193
6.840 1.193
6.845 1.193
6.850 1.193
6.855 1.193
6.860 1.193
6.865 1.193
6.870 1.193
6.875 1.193
6.880 1.193
6.885 1.193
6.890 1.193
6.895 1.193
6.900 1.193
6.905 1.193
6.910 1.193
6.915 1.193
6.920 1.193
6.925 1.193
6.930 1.193
6.935 1.193
6.940 1.193
6.945 1.193
6.950 1.193
6.955 1.193
6.960 1.193
6.965 1.193
6.970 1.193
6.975 1.193
6.980 1.193
6.985 1.193
6.990 1.193
6.995 1.193
7.000 1.193
7.005 1.193
7.010 1.193
7.015 1.193
7.020 1.193
7.025 1.193
7.030 1.193
7.035 1.193
7.040 1.193
7.045 1.193
7.050 1.193
7.055 1.193
7.060 1.193
7.065 1.193
7.070 1.193
7.075 1.193
7.080 1.193
7.085 1.193
7.090 1.193
7.095 1.193
7.100 1.193
7.105 1.193
7.110 1.193
7.115 1.193
7.120 1.193
7.125 1.193
7.130 1.193
7.135 1.193
7.140 1.193
7.145 1.193
7.150 1.193
7.155 1.193
7.160 1.193
7.165 1.193
7.170 1.193
7.175 1.193
7.180 1.193
7.185 1.193
7.190 1.193
7.195 1.193
7.200 1.193
7.205 1.193
7.210 1.193
7.215 1.193
7.220 1.194
7.225 1.194
7.230 1.194
7.235 1.194
7.240 1.194
7.245 1.194
7.250 1.194
7.255 1.194
7.260 1.194
7.265 1.194
7.270 1.194
7.275 1.194
7.280 1.194
7.285 1.194
7.290 1.194
7.295 1.194
7.300 1.194
7.305 1.194
7.310 1.194
7.315 1.194
7.320 1.194
7.325 1.194
7.330 1.194
7.335 1.194
7.340 1.194
7.345 1.194
7.350 1.194
7.355 1.194
7.360 1.194
7.365 1.194
7.370 1.194
7.375 1.194
7.380 1.194
7.385 1.194
7.390 1.194
7.395 1.194
7.400 1.194
7.405 1.194
7.410 1.194
7.415 1.194
7.420 1.194
7.425 1.194
7.430 1.194
7.435 1.194
7.440 1.194
7.445 1.194
7.450 1.194
7.455 1.194
7.460 1.194
7.465 1.194
7.470 1.194
7.475 1.194
7.480 1.194
7.485 1.194
7.490 1.194
7.495 1.194
7.500 1.194
7.505 1.194
7.510 1.194
7.515 1.194
7.520 1.194
7.525 1.194
7.530 1.194
7.535 1.194
7.540 1.194
7.545 1.194
7.550 1.194
7.555 1.194
7.560 1.194
7.565 1.194
7.570 1.194
7.575 1.194
7.580 1.194
7.585 1.194
7.590 1.194
7.595 1.194
7.600 1.194
7.605 1.194
7.610 1.194
7.615 1.194
7.620 1.194
7.625 1.194
7.630 1.194
7.635 1.194
7.640 1.194
7.645 1.194
7.650 1.194
7.655 1.194
7.660 1.194
7.665 1.194
7.670 1.194
7.675 1.194
7.680 1.194
7.685 1.194
7.690 1.194
7.695 1.194
7.700 1.194
7.705 1.194
7.710 1.194
7.715 1.194
7.720 1.194
7.725 1.194
7.730 1.194
7.735 1.194
7.740 1.194
7.745 1.194
7.750 1.194
7.755 1.194
7.760 1.194
7.765 1.194
7.770 1.194
7.775 1.194
